data: 11
0 35 2 68 35 2 68 35 2 68 35
35 0 2 35 68 2 35 68 2 35 68
2 2 0 2 2 2 2 2 2 2 2
68 35 2 0 35 2 68 35 2 68 35
35 68 2 35 0 2 35 68 2 35 68
2 2 2 2 2 0 2 2 2 2 2
68 35 2 68 35 2 0 35 2 68 35
35 68 2 35 68 2 35 0 2 35 68
2 2 2 2 2 2 2 2 0 2 2
68 35 2 68 35 2 68 35 2 0 35
35 68 2 35 68 2 35 68 2 35 0

programowanie dynamiczne (0,028s):
187
0 1 2 3 4 5 6 7 8 9 10 0

data: 12
0 35 2 68 35 2 68 35 2 68 35 2
35 0 2 35 68 2 35 68 2 35 68 2
2 2 0 2 2 2 2 2 2 2 2 2
68 35 2 0 35 2 68 35 2 68 35 2
35 68 2 35 0 2 35 68 2 35 68 2
2 2 2 2 2 0 2 2 2 2 2 2
68 35 2 68 35 2 0 35 2 68 35 2
35 68 2 35 68 2 35 0 2 35 68 2
2 2 2 2 2 2 2 2 0 2 2 2
68 35 2 68 35 2 68 35 2 0 35 2
35 68 2 35 68 2 35 68 2 35 0 2
2 2 2 2 2 2 2 2 2 2 2 0

programowanie dynamiczne (0,014s):
156
0 1 2 3 4 5 6 7 8 9 10 11 0

data: 13
0 35 2 68 35 2 68 35 2 68 35 2 68
35 0 2 35 68 2 35 68 2 35 68 2 35
2 2 0 2 2 2 2 2 2 2 2 2 2
68 35 2 0 35 2 68 35 2 68 35 2 68
35 68 2 35 0 2 35 68 2 35 68 2 35
2 2 2 2 2 0 2 2 2 2 2 2 2
68 35 2 68 35 2 0 35 2 68 35 2 68
35 68 2 35 68 2 35 0 2 35 68 2 35
2 2 2 2 2 2 2 2 0 2 2 2 2
68 35 2 68 35 2 68 35 2 0 35 2 68
35 68 2 35 68 2 35 68 2 35 0 2 35
2 2 2 2 2 2 2 2 2 2 2 0 2
68 35 2 68 35 2 68 35 2 68 35 2 0

programowanie dynamiczne (0,024s):
191
0 1 2 3 4 5 6 7 8 9 10 12 11 0

data: 14
0 35 2 68 35 2 68 35 2 68 35 2 68 35
35 0 2 35 68 2 35 68 2 35 68 2 35 68
2 2 0 2 2 2 2 2 2 2 2 2 2 2
68 35 2 0 35 2 68 35 2 68 35 2 68 35
35 68 2 35 0 2 35 68 2 35 68 2 35 68
2 2 2 2 2 0 2 2 2 2 2 2 2 2
68 35 2 68 35 2 0 35 2 68 35 2 68 35
35 68 2 35 68 2 35 0 2 35 68 2 35 68
2 2 2 2 2 2 2 2 0 2 2 2 2 2
68 35 2 68 35 2 68 35 2 0 35 2 68 35
35 68 2 35 68 2 35 68 2 35 0 2 35 68
2 2 2 2 2 2 2 2 2 2 2 0 2 2
68 35 2 68 35 2 68 35 2 68 35 2 0 35
35 68 2 35 68 2 35 68 2 35 68 2 35 0

programowanie dynamiczne (0,048s):
226
0 1 2 3 4 5 6 7 8 9 10 11 12 13 0

data: 15
0 35 2 68 35 2 68 35 2 68 35 2 68 35 2
35 0 2 35 68 2 35 68 2 35 68 2 35 68 2
2 2 0 2 2 2 2 2 2 2 2 2 2 2 2
68 35 2 0 35 2 68 35 2 68 35 2 68 35 2
35 68 2 35 0 2 35 68 2 35 68 2 35 68 2
2 2 2 2 2 0 2 2 2 2 2 2 2 2 2
68 35 2 68 35 2 0 35 2 68 35 2 68 35 2
35 68 2 35 68 2 35 0 2 35 68 2 35 68 2
2 2 2 2 2 2 2 2 0 2 2 2 2 2 2
68 35 2 68 35 2 68 35 2 0 35 2 68 35 2
35 68 2 35 68 2 35 68 2 35 0 2 35 68 2
2 2 2 2 2 2 2 2 2 2 2 0 2 2 2
68 35 2 68 35 2 68 35 2 68 35 2 0 35 2
35 68 2 35 68 2 35 68 2 35 68 2 35 0 2
2 2 2 2 2 2 2 2 2 2 2 2 2 2 0

programowanie dynamiczne (0,124s):
195
0 1 2 3 4 5 6 7 8 9 10 11 12 13 14 0

data: 16
0 35 2 68 35 2 68 35 2 68 35 2 68 35 2 68
35 0 2 35 68 2 35 68 2 35 68 2 35 68 2 35
2 2 0 2 2 2 2 2 2 2 2 2 2 2 2 2
68 35 2 0 35 2 68 35 2 68 35 2 68 35 2 68
35 68 2 35 0 2 35 68 2 35 68 2 35 68 2 35
2 2 2 2 2 0 2 2 2 2 2 2 2 2 2 2
68 35 2 68 35 2 0 35 2 68 35 2 68 35 2 68
35 68 2 35 68 2 35 0 2 35 68 2 35 68 2 35
2 2 2 2 2 2 2 2 0 2 2 2 2 2 2 2
68 35 2 68 35 2 68 35 2 0 35 2 68 35 2 68
35 68 2 35 68 2 35 68 2 35 0 2 35 68 2 35
2 2 2 2 2 2 2 2 2 2 2 0 2 2 2 2
68 35 2 68 35 2 68 35 2 68 35 2 0 35 2 68
35 68 2 35 68 2 35 68 2 35 68 2 35 0 2 35
2 2 2 2 2 2 2 2 2 2 2 2 2 2 0 2
68 35 2 68 35 2 68 35 2 68 35 2 68 35 2 0

programowanie dynamiczne (0,213s):
230
0 1 2 3 4 5 6 7 8 9 10 11 12 13 15 14 0

data: 17
0 35 2 68 35 2 68 35 2 68 35 2 68 35 2 68 35
35 0 2 35 68 2 35 68 2 35 68 2 35 68 2 35 68
2 2 0 2 2 2 2 2 2 2 2 2 2 2 2 2 2
68 35 2 0 35 2 68 35 2 68 35 2 68 35 2 68 35
35 68 2 35 0 2 35 68 2 35 68 2 35 68 2 35 68
2 2 2 2 2 0 2 2 2 2 2 2 2 2 2 2 2
68 35 2 68 35 2 0 35 2 68 35 2 68 35 2 68 35
35 68 2 35 68 2 35 0 2 35 68 2 35 68 2 35 68
2 2 2 2 2 2 2 2 0 2 2 2 2 2 2 2 2
68 35 2 68 35 2 68 35 2 0 35 2 68 35 2 68 35
35 68 2 35 68 2 35 68 2 35 0 2 35 68 2 35 68
2 2 2 2 2 2 2 2 2 2 2 0 2 2 2 2 2
68 35 2 68 35 2 68 35 2 68 35 2 0 35 2 68 35
35 68 2 35 68 2 35 68 2 35 68 2 35 0 2 35 68
2 2 2 2 2 2 2 2 2 2 2 2 2 2 0 2 2
68 35 2 68 35 2 68 35 2 68 35 2 68 35 2 0 35
35 68 2 35 68 2 35 68 2 35 68 2 35 68 2 35 0

programowanie dynamiczne (0,594s):
265
0 1 2 3 4 5 6 7 8 9 10 11 12 13 14 15 16 0

data: 18
0 35 2 68 35 2 68 35 2 68 35 2 68 35 2 68 35 2
35 0 2 35 68 2 35 68 2 35 68 2 35 68 2 35 68 2
2 2 0 2 2 2 2 2 2 2 2 2 2 2 2 2 2 2
68 35 2 0 35 2 68 35 2 68 35 2 68 35 2 68 35 2
35 68 2 35 0 2 35 68 2 35 68 2 35 68 2 35 68 2
2 2 2 2 2 0 2 2 2 2 2 2 2 2 2 2 2 2
68 35 2 68 35 2 0 35 2 68 35 2 68 35 2 68 35 2
35 68 2 35 68 2 35 0 2 35 68 2 35 68 2 35 68 2
2 2 2 2 2 2 2 2 0 2 2 2 2 2 2 2 2 2
68 35 2 68 35 2 68 35 2 0 35 2 68 35 2 68 35 2
35 68 2 35 68 2 35 68 2 35 0 2 35 68 2 35 68 2
2 2 2 2 2 2 2 2 2 2 2 0 2 2 2 2 2 2
68 35 2 68 35 2 68 35 2 68 35 2 0 35 2 68 35 2
35 68 2 35 68 2 35 68 2 35 68 2 35 0 2 35 68 2
2 2 2 2 2 2 2 2 2 2 2 2 2 2 0 2 2 2
68 35 2 68 35 2 68 35 2 68 35 2 68 35 2 0 35 2
35 68 2 35 68 2 35 68 2 35 68 2 35 68 2 35 0 2
2 2 2 2 2 2 2 2 2 2 2 2 2 2 2 2 2 0

programowanie dynamiczne (0,856s):
234
0 1 2 3 4 5 6 7 8 9 10 11 12 13 14 15 16 17 0

data: 19
0 35 2 68 35 2 68 35 2 68 35 2 68 35 2 68 35 2 68
35 0 2 35 68 2 35 68 2 35 68 2 35 68 2 35 68 2 35
2 2 0 2 2 2 2 2 2 2 2 2 2 2 2 2 2 2 2
68 35 2 0 35 2 68 35 2 68 35 2 68 35 2 68 35 2 68
35 68 2 35 0 2 35 68 2 35 68 2 35 68 2 35 68 2 35
2 2 2 2 2 0 2 2 2 2 2 2 2 2 2 2 2 2 2
68 35 2 68 35 2 0 35 2 68 35 2 68 35 2 68 35 2 68
35 68 2 35 68 2 35 0 2 35 68 2 35 68 2 35 68 2 35
2 2 2 2 2 2 2 2 0 2 2 2 2 2 2 2 2 2 2
68 35 2 68 35 2 68 35 2 0 35 2 68 35 2 68 35 2 68
35 68 2 35 68 2 35 68 2 35 0 2 35 68 2 35 68 2 35
2 2 2 2 2 2 2 2 2 2 2 0 2 2 2 2 2 2 2
68 35 2 68 35 2 68 35 2 68 35 2 0 35 2 68 35 2 68
35 68 2 35 68 2 35 68 2 35 68 2 35 0 2 35 68 2 35
2 2 2 2 2 2 2 2 2 2 2 2 2 2 0 2 2 2 2
68 35 2 68 35 2 68 35 2 68 35 2 68 35 2 0 35 2 68
35 68 2 35 68 2 35 68 2 35 68 2 35 68 2 35 0 2 35
2 2 2 2 2 2 2 2 2 2 2 2 2 2 2 2 2 0 2
68 35 2 68 35 2 68 35 2 68 35 2 68 35 2 68 35 2 0

programowanie dynamiczne (1,823s):
269
0 1 2 3 4 5 6 7 8 9 10 11 12 13 14 15 16 18 17 0

data: 20
0 35 2 68 35 2 68 35 2 68 35 2 68 35 2 68 35 2 68 35
35 0 2 35 68 2 35 68 2 35 68 2 35 68 2 35 68 2 35 68
2 2 0 2 2 2 2 2 2 2 2 2 2 2 2 2 2 2 2 2
68 35 2 0 35 2 68 35 2 68 35 2 68 35 2 68 35 2 68 35
35 68 2 35 0 2 35 68 2 35 68 2 35 68 2 35 68 2 35 68
2 2 2 2 2 0 2 2 2 2 2 2 2 2 2 2 2 2 2 2
68 35 2 68 35 2 0 35 2 68 35 2 68 35 2 68 35 2 68 35
35 68 2 35 68 2 35 0 2 35 68 2 35 68 2 35 68 2 35 68
2 2 2 2 2 2 2 2 0 2 2 2 2 2 2 2 2 2 2 2
68 35 2 68 35 2 68 35 2 0 35 2 68 35 2 68 35 2 68 35
35 68 2 35 68 2 35 68 2 35 0 2 35 68 2 35 68 2 35 68
2 2 2 2 2 2 2 2 2 2 2 0 2 2 2 2 2 2 2 2
68 35 2 68 35 2 68 35 2 68 35 2 0 35 2 68 35 2 68 35
35 68 2 35 68 2 35 68 2 35 68 2 35 0 2 35 68 2 35 68
2 2 2 2 2 2 2 2 2 2 2 2 2 2 0 2 2 2 2 2
68 35 2 68 35 2 68 35 2 68 35 2 68 35 2 0 35 2 68 35
35 68 2 35 68 2 35 68 2 35 68 2 35 68 2 35 0 2 35 68
2 2 2 2 2 2 2 2 2 2 2 2 2 2 2 2 2 0 2 2
68 35 2 68 35 2 68 35 2 68 35 2 68 35 2 68 35 2 0 35
35 68 2 35 68 2 35 68 2 35 68 2 35 68 2 35 68 2 35 0

programowanie dynamiczne (4,140s):
304
0 1 2 3 4 5 6 7 8 9 10 11 12 13 14 15 16 17 18 19 0

data: 21
0 35 2 68 35 2 68 35 2 68 35 2 68 35 2 68 35 2 68 35 2
35 0 2 35 68 2 35 68 2 35 68 2 35 68 2 35 68 2 35 68 2
2 2 0 2 2 2 2 2 2 2 2 2 2 2 2 2 2 2 2 2 2
68 35 2 0 35 2 68 35 2 68 35 2 68 35 2 68 35 2 68 35 2
35 68 2 35 0 2 35 68 2 35 68 2 35 68 2 35 68 2 35 68 2
2 2 2 2 2 0 2 2 2 2 2 2 2 2 2 2 2 2 2 2 2
68 35 2 68 35 2 0 35 2 68 35 2 68 35 2 68 35 2 68 35 2
35 68 2 35 68 2 35 0 2 35 68 2 35 68 2 35 68 2 35 68 2
2 2 2 2 2 2 2 2 0 2 2 2 2 2 2 2 2 2 2 2 2
68 35 2 68 35 2 68 35 2 0 35 2 68 35 2 68 35 2 68 35 2
35 68 2 35 68 2 35 68 2 35 0 2 35 68 2 35 68 2 35 68 2
2 2 2 2 2 2 2 2 2 2 2 0 2 2 2 2 2 2 2 2 2
68 35 2 68 35 2 68 35 2 68 35 2 0 35 2 68 35 2 68 35 2
35 68 2 35 68 2 35 68 2 35 68 2 35 0 2 35 68 2 35 68 2
2 2 2 2 2 2 2 2 2 2 2 2 2 2 0 2 2 2 2 2 2
68 35 2 68 35 2 68 35 2 68 35 2 68 35 2 0 35 2 68 35 2
35 68 2 35 68 2 35 68 2 35 68 2 35 68 2 35 0 2 35 68 2
2 2 2 2 2 2 2 2 2 2 2 2 2 2 2 2 2 0 2 2 2
68 35 2 68 35 2 68 35 2 68 35 2 68 35 2 68 35 2 0 35 2
35 68 2 35 68 2 35 68 2 35 68 2 35 68 2 35 68 2 35 0 2
2 2 2 2 2 2 2 2 2 2 2 2 2 2 2 2 2 2 2 2 0

programowanie dynamiczne (9,253s):
273
0 1 2 3 4 5 6 7 8 9 10 11 12 13 14 15 16 17 18 19 20 0

